128
84
424
13
232
410
479
93
441
409
148
425
191
132
458
419
277
435
332
434
189
438
79
317
131
284
196
416
274
270
119
281
341
243
55
279
122
449
364
292
165
430
334
321
268
318
76
358
344
378
124
311
223
180
365
339
66
456
162
42
428
203
278
86
160
244
269
290
331
250
248
385
104
5
280
211
351
133
442
207
333
77
273
96
265
288
241
129
390
37
210
78
299
7
242
125
468
260
103
445
467
397
179
283
102
65
443
193
391
476
398
146
392
276
205
261
446
2
220
112
97
498
59
432
226
383
187
225
197
142
143
23
493
313
99
81
459
156
64
354
218
295
314
68
152
399
228
415
460
147
236
151
184
422
15
200
393
171
45
477
18
421
230
357
308
396
380
412
469
100
433
420
255
134
340
46
256
3
350
330
19
209
155
28
478
377
31
154
407
457
212
372
465
118
29
174
62
387
470
369
227
221
414
8
437
240
294
67
74
83
259
186
135
4
473
159
181
266
406
101
163
98
170
53
489
494
87
43
346
185
138
496
417
36
247
32
322
216
349
38
500
336
408
130
320
492
91
376
389
366
50
298
394
463
229
72
363
487
178
192
34
316
427
264
214
233
404
306
245
451
338
33
172
342
262
359
11
356
345
252
30
444
115
61
49
448
194
362
374
54
352
111
337
217
164
222
167
95
188
257
368
166
461
71
355
413
237
343
254
109
325
375
360
206
312
20
297
367
401
324
403
63
88
296
329
75
92
486
215
27
52
402
234
183
10
440
361
384
475
168
239
173
326
235
85
275
127
271
141
246
405
110
231
301
126
454
80
423
309
480
136
105
300
499
114
315
495
258
348
21
471
69
44
204
60
6
431
39
418
287
120
145
411
202
491
108
177
400
335
139
474
26
106
263
89
153
353
56
249
199
137
201
116
82
447
208
293
219
157
291
395
285
464
169
439
453
497
481
14
370
73
472
452
282
16
455
22
490
485
251
483
484
12
267
1
224
379
57
35
17
319
305
347
289
429
47
386
24
466
304
70
94
113
198
253
302
307
286
482
51
213
123
161
182
144
381
462
175
450
176
149
9
310
140
25
388
303
90
323
40
150
195
58
117
107
488
436
328
373
48
238
41
426
371
190
272
158
121
327
382
