6540
8080
8153
2454
6160
7912
4214
4302
849
529
342
4218
7073
745
5535
2780
7697
439
1894
28
6358
4746
1237
9247
8805
3683
3535
4903
2702
5861
7511
3696
2759
1585
3169
3359
986
274
3365
1377
650
3019
8925
5706
7602
4982
2919
4721
728
7195
6415
2024
2813
7551
8879
4325
5667
6776
714
6247
6030
1529
8689
7070
6553
7143
4888
3637
7240
1896
7469
696
7699
9778
7776
6997
5233
2567
7958
4751
3235
6644
625
6057
9785
9445
7138
627
4052
7700
8422
1466
1424
8737
684
9921
3036
3317
5621
4445
4188
7722
3744
9681
7564
2456
147
1600
5619
5391
1045
4237
9142
3566
1572
2903
8905
1335
2246
5551
1964
8863
2382
9760
911
7740
9747
3012
9108
6707
2247
5845
9092
7077
4320
2157
7320
5905
5137
8195
5481
4455
9624
4000
447
1180
6054
4143
2555
2436
6811
4071
8513
1621
1860
6821
2115
6467
2496
8826
4241
6236
8503
4677
8868
6424
1889
4794
596
8058
3491
1834
9372
2929
3070
539
5533
3997
9979
3901
4227
5095
250
5671
6813
1850
3261
1202
595
5741
2655
2696
1126
3713
2727
8650
6442
3571
5831
4434
1266
5593
6750
5976
4573
2842
699
1767
269
6850
6780
4407
6725
2948
5060
8518
6815
8081
1905
351
9194
673
7272
8789
4584
465
6603
1857
2347
164
3256
8450
522
3659
224
959
3804
1772
6483
33
2947
3144
3267
4733
2752
6117
3579
7047
656
156
537
8056
1501
898
9029
4743
1864
3503
8222
1387
1489
8440
31
433
7438
1914
4223
8750
7559
692
8219
6532
8233
6543
5678
2889
2663
2925
9443
3532
4287
993
5223
2623
6298
3228
4662
5231
3849
4918
3961
2481
372
3210
449
3848
8455
3847
6578
2407
523
1348
6897
1683
4316
8449
1832
5315
4564
6734
8042
3125
6359
3218
948
6099
5421
6517
8028
6039
8154
5514
8491
9885
9870
3508
7524
494
1901
1386
8352
4547
6267
5546
5353
6218
1241
3132
2408
719
4697
6881
3462
4130
357
49
1867
7141
9818
5447
1625
2589
9590
9053
8527
6195
4863
9012
9528
5837
9450
9055
7965
7490
8252
6398
5773
121
6216
7829
7476
3207
2508
4608
3164
2152
7580
8490
792
757
4228
7166
3557
7007
1289
8966
6705
2062
6152
8629
7689
2373
4809
273
1198
7470
1189
2491
7607
8626
6078
6314
8027
9649
9061
8690
1172
6269
9566
614
5728
1374
732
8810
4400
6493
2270
5642
2259
7479
1447
7108
455
7707
4259
534
8159
5419
2552
6237
9765
3152
3748
5913
9383
5916
5735
4271
4726
7413
8663
5110
2733
9678
3914
1419
9439
9409
3299
4125
3940
72
6656
6035
1792
7214
3544
1384
7644
854
6588
822
328
2967
5184
5722
4353
8456
2117
1381
5259
8720
7998
4177
1946
8768
9648
1101
5911
9673
8267
9238
5108
4554
1228
4911
549
6876
7821
9301
8489
6762
6292
6495
2179
6211
2489
7415
8380
6681
